82995689 	94477907 	346748376	693689771 	772083165
797696126 	979924049 	134869989 	588224792	638115936	
690869657 	718625577 	890304503 	230636789 	273469380
438244869 	566422275 	911636455 	3342722	 	403053630
643043631	657040895 	758239246 	867556103 	149017940

82995689 	94477907 	134869989 	3342722	 	149017940




82995689 	693689771 	346748376 	94477907 	772083165
979924049 	134869989 	638115936 	588224792 	797696126
890304503	718625577	230636789 	273469380	690869657
911636455 	566422275	438244869 	3342722		403053630
867556103 	758239246 	657040895 	643043631	149017940

82995689 	134869989 	230636789 	3342722		149017940